clear; clc; close all;
% Input data 
% Example input data and functions use for different power distribution calculations

% Core map zones; zone 0 is no zone
zones_map = [ ...
0	0	0	0	0	5	5	5	5	5	5	5	0	0	0	0	0 ; ...
0	0	0	5	5	4	4	4	4	4	4	4	5	5	0	0	0 ; ...
0	0	5	5	4	4	3	3	3	3	3	4	4	5	5	0	0 ; ...
0	5	5	4	4	3	3	2	2	2	3	3	4	4	5	5	0 ; ...
0	5	4	4	3	3	2	2	1	2	2	3	3	4	4	5	0 ; ...
5	4	4	3	3	2	2	1	1	1	2	2	3	3	4	4	5 ; ...
5	4	3	3	2	2	1	1	1	1	1	2	2	3	3	4	5 ; ...
5	4	3	2	2	1	1	1	1	1	1	1	2	2	3	4	5 ; ...
5	4	3	2	1	1	1	1	1	1	1	1	1	2	3	4	5 ; ...
5	4	3	2	2	1	1	1	1	1	1	1	2	2	3	4	5 ; ...
5	4	3	3	2	2	1	1	1	1	1	2	2	3	3	4	5 ; ...
5	4	4	3	3	2	2	1	1	1	2	2	3	3	4	4	5 ; ...
0	5	4	4	3	3	2	2	1	2	2	3	3	4	4	5	0 ; ...
0	5	5	4	4	3	3	2	2	2	3	3	4	4	5	5	0 ; ...
0	0	5	5	4	4	3	3	3	3	3	4	4	5	5	0	0 ; ...
0	0	0	5	5	4	4	4	4	4	4	4	5	5	0	0	0 ; ...
0	0	0	0	0	5	5	5	5	5	5	5	0	0	0	0	0 ; ...
];

% 1 - inner end-outer
% normalized radial power vector
radial_power = [ ...
1	1.171 ; ...
2	1.088 ; ...
3	1.177 ; ...
4	1.036 ; ...
5	0.583 ; ...
];
radial = radial_power(:,2);

% 1 - bottom  end - top
% normalized axial power vector
axial_power = [...
1	0.7 	; ...   
2	0.76 	; ...   
3	0.8 	; ...   
4	0.84 	; ...   
5	0.892 	; ...   
6	0.955 	; ...   
7	1.01 	; ...   
8	1.08 	; ...   
9	1.255 	; ...   
10	1.53 	; ...   
11	1.38 	; ...   
12	0.84 	; ...   
];




% Interpolation example
axial = axial_power(:,2);
axial_dZn = 1./12 % core with 12 levels
axial_Zcn = (axial_dZn/2):axial_dZn:1.;
axial_dZn2 = 1./9 %core with 9 levels
axial_Zcn2 = (axial_dZn2/2):axial_dZn2:1.;

axial2 = interp1(axial_Zcn,axial,axial_Zcn2,'spline' )
%%plot(axial_Zcn2, axial2,'-o'); hold on; plot(axial_Zcn, axial,'x-')

% Na bazie nureg
axial3 = [ ...
0.6         ;...
0.9     ;...
0.97     ;...
1.01     ;...
1.3     ;...
2.1     ;...
1.3     ;...
0.43     ;...
0.4     ;...
 ]

 % new
axial4 = [  6.8317e-01   7.4920e-01   7.9857e-01   8.6529e-01   9.4312e-01   1.0209e+00   1.3880e+00   1.7845e+00   7.6724e-01];


quarter_map_BOL = [ ...
1.149	1.08	1.014	1.085	1.174	1.115	1.174	1.091	0.697 	; ...
1.08	1.077	1.07	1.028	1.11	1.053	1.105	1.083	0.69  	; ...
1.014	1.07	1.016	1.091	1.179	1.116	1.1		1.062	0.663 	; ...
1.085	1.028	1.091	1.047	1.123	1.12	1.147	0.992	0.548 	; ...
1.174	1.11	1.179	1.123	1.19	1.111	1.092	0.735	0		; ...
1.115	1.053	1.116	1.12	1.111	1.128	0.975	0.546	0		; ...
1.174	1.105	1.1		1.147	1.092	0.975	0.602	0		0		; ...
1.091	1.083	1.062	0.992	0.735	0.546	0		0		0		; ...
0.697	0.69	0.663	0.548	0		0		0		0		0		; ...
];

quarter_map_EOL = [ ...
1.244	1.111	1.156	1.038	1.066	0.965	1.105	1.172	0.77	; ...
1.111	1.081	1.051	1.12	0.98	1.046	1.003	1.176	0.768	; ...
1.156	1.051	1.124	1.003	1.055	1.014	1.012	1.251	0.741	; ...
1.038	1.12	1.003	1.041	0.955	1.03	1.135	1.159	0.578	; ...
1.066	0.98	1.055	0.955	1.075	1.063	1.168	0.809	0		; ...
0.965	1.046	1.014	1.03	1.063	1.117	1.085	0.552	0		; ...
1.105	1.003	1.012	1.135	1.168	1.085	0.615	0		0		; ...
1.172	1.176	1.251	1.159	0.809	0.552	0		0		0		; ...
0.77	0.768	0.741	0.578	0	0	0		0		0				; ...
];

small = [ ...
4, 3, 2, 1 ;...
3, 2, 1, 0 ;...
2, 1, 0, 0 ;...
1, 0, 0, 0 ];



% Examples
map_BOL = quarter2map(quarter_map_BOL);
map_EOL = quarter2map(quarter_map_EOL);
%[radial_value, radial_number, radial_norm] = map2radial(map_EOL,zones_map,1);
% Create vector with average values for zones
map2radial(map_EOL,zones_map)
map2radial(map_BOL,zones_map)
radial2map(radial,zones_map)


% Vector input:
% Generates 3D map based on radial and axial being vectors 
[dist_1, dist_norm_1, dist_RZ_1, dist_RZ_norm_1] = radial_axial2map3D(radial,axial4,zones_map)  
% Matrix input:
% Generates 3D map based on radial being 2d map and axial being vector
[dist_2, dist_norm_2, dist_RZ_2 , dist_RZ_norm_2] = radial_axial2map3D(map_EOL,axial4,zones_map)  

% plot(reshape(dist(9,9,:),[numel(axial), 1]))

%Estimate of the nuclear heat flux factor or total nuclear hot channel factor - based on assamblies powers 
FqN1   = max(dist_1,[],'all')./mean(dist_1,'all')
FqN2        = max(dist_2,[],'all')./mean(dist_2,'all')
FqN2_central = max(dist_2(9,9,:),[],'all')./mean(dist_2(9,9,:),'all')

FqN_RZ1 = max(dist_RZ_1,[],'all')./mean(dist_RZ_1,'all')
FqN_RZ2 = max(dist_RZ_2,[],'all')./mean(dist_RZ_2,'all')
FqN2_centralRZ = max(dist_RZ_2(:,1),[],'all')./mean(dist_RZ_2(:,1),'all')
